+-------------------+--------+-------+-------+-------+
| Modality          | H_0    | H_1   | H_2   | H_inf |
+-------------------+--------+-------+-------+-------+
| Humidity          | 7.943  | 7.048 | 6.774 | 5.546 |
| Accelerometer.x   | 13.012 | 9.292 | 6.359 | 3.626 |
| Accelerometer.y   | 9.549  | 5.873 | 4.483 | 2.889 |
| Accelerometer.z   | 9.817  | 6.671 | 5.403 | 4.002 |
| Accelerometer.mag | 13.328 | 8.273 | 7.115 | 4.526 |
| Light             | 12.152 | 7.94  | 7.137 | 4.552 |
| Temperature       | 8.484  | 7.416 | 6.941 | 5.449 |
| Pressure          | 8.044  | 7.006 | 6.37  | 5.073 |
| MagneticField.x   | 10.767 | 7.639 | 6.816 | 4.883 |
| MagneticField.y   | 10.179 | 7.622 | 6.605 | 4.405 |
| MagneticField.z   | 10.129 | 7.507 | 6.726 | 4.448 |
| MagneticField.mag | 10.293 | 7.329 | 6.489 | 4.454 |
| Gyroscope.x       | 14.528 | 7.231 | 4.454 | 2.805 |
| Gyroscope.y       | 14.078 | 6.715 | 4.039 | 2.529 |
| Gyroscope.z       | 13.961 | 6.463 | 3.836 | 2.434 |
| Gyroscope.mag     | 14.166 | 5.565 | 1.932 | 0.969 |
+-------------------+--------+-------+-------+-------+